UNKNOWN
version=1
nRows=353
nColumns=9
inDegrees=no
endheader
time	time	pelvis_tilt	hip_flexion_r	knee_angle_r	ankle_angle_r	hip_flexion_l	knee_angle_l	ankle_angle_l
      0.00000000	      4.37000000	    -10.20104956	    -34.80877623	    -54.37742035	    -29.30541944	    -18.74222526	    -22.27738290	      4.57654708
      1.00000000	      4.38000000	    -10.49280283	    -33.70093799	    -55.72380644	    -27.59720713	    -19.48837650	    -22.14546519	      4.83299963
      2.00000000	      4.39000000	    -10.84407679	    -32.16103709	    -57.38001609	    -25.28741152	    -20.45078444	    -21.91257882	      5.18942542
      3.00000000	      4.40000000	    -11.27698273	    -30.43985523	    -59.00520594	    -22.72848041	    -21.68998744	    -21.39365529	      5.50166512
      4.00000000	      4.41000000	    -11.70683194	    -28.64998892	    -60.38767009	    -20.30600474	    -23.12672297	    -20.55492373	      5.78869948
      5.00000000	      4.42000000	    -12.16431581	    -26.90743822	    -61.40267389	    -18.16441503	    -24.62068894	    -19.56650030	      5.99542783
      6.00000000	      4.43000000	    -12.58964160	    -25.15536043	    -62.04634624	    -16.46366268	    -26.12058654	    -18.40063689	      6.18850004
      7.00000000	      4.44000000	    -13.02018609	    -23.43211359	    -62.32315619	    -15.07276387	    -27.53683124	    -17.25010987	      6.40216263
      8.00000000	      4.45000000	    -13.37595577	    -21.81014667	    -62.24268317	    -13.86757686	    -28.94797639	    -16.02134794	      6.53265513
      9.00000000	      4.46000000	    -13.69383945	    -20.25016773	    -61.84444360	    -12.67009046	    -30.23004082	    -14.93689925	      6.69421285
     10.00000000	      4.47000000	    -13.96758746	    -18.75441493	    -61.15358848	    -11.38184855	    -31.36105176	    -14.05287604	      6.90211606
     11.00000000	      4.48000000	    -14.12683654	    -17.40989398	    -60.13575863	     -9.97569276	    -32.45380458	    -13.22810509	      7.09555928
     12.00000000	      4.49000000	    -14.23754649	    -16.19899317	    -58.81737791	     -8.45862409	    -33.48225519	    -12.54326419	      7.30737181
     13.00000000	      4.50000000	    -14.23899562	    -15.10721905	    -57.20688894	     -6.93572724	    -34.47453631	    -11.91476261	      7.49317107
     14.00000000	      4.51000000	    -14.18165731	    -14.15890946	    -55.27848853	     -5.54685584	    -35.42649535	    -11.40276866	      7.71128362
     15.00000000	      4.52000000	    -13.94246671	    -13.23034214	    -53.09976454	     -4.37254214	    -36.25514394	    -10.95453887	      7.82346781
     16.00000000	      4.53000000	    -13.70772133	    -12.49085006	    -50.58289091	     -3.49105949	    -37.11558674	    -10.59007565	      8.05857863
     17.00000000	      4.54000000	    -13.46396117	    -11.91297392	    -47.73234417	     -2.89792998	    -37.97371165	    -10.30133157	      8.35440173
     18.00000000	      4.55000000	    -13.15791687	    -11.46479074	    -44.58689968	     -2.49982017	    -38.82747304	    -10.03484072	      8.66446682
     19.00000000	      4.56000000	    -12.76454741	    -11.12357867	    -41.16838120	     -2.22082188	    -39.66970561	     -9.76760682	      8.94113918
     20.00000000	      4.57000000	    -12.43059473	    -10.94919212	    -37.40389796	     -2.03649236	    -40.54641183	     -9.48693525	      9.25181145
     21.00000000	      4.58000000	    -11.98096762	    -10.85698999	    -33.44830737	     -1.81671932	    -41.41352752	     -9.19304913	      9.55494392
     22.00000000	      4.59000000	    -11.52472544	    -10.87140280	    -29.30431275	     -1.58006117	    -42.30750866	     -8.88615673	      9.86563344
     23.00000000	      4.60000000	    -11.03546193	    -10.95656886	    -25.12661298	     -1.27171621	    -43.31616299	     -8.45305437	     10.12980494
     24.00000000	      4.61000000	    -10.49720603	    -11.02466369	    -21.03620627	     -0.87341245	    -44.31097392	     -8.08155303	     10.43009751
     25.00000000	      4.62000000	     -9.97168680	    -11.02300812	    -17.16687599	     -0.37562583	    -45.28080356	     -7.80696031	     10.78631633
     26.00000000	      4.63000000	     -9.49755503	    -10.96616030	    -13.66628544	      0.27508279	    -46.38349798	     -7.42061414	     11.09506515
     27.00000000	      4.64000000	     -9.12899671	    -10.82099096	    -10.53303031	      1.01328729	    -47.39290576	     -7.25646105	     11.54344116
     28.00000000	      4.65000000	     -8.86429822	    -10.62439179	     -7.85725218	      1.85624330	    -48.44307563	     -7.11641502	     11.99774207
     29.00000000	      4.66000000	     -8.69837172	    -10.38208678	     -5.65498768	      2.77282676	    -49.46050098	     -7.10513332	     12.49321594
     30.00000000	      4.67000000	     -8.59720597	    -10.10210760	     -3.94574264	      3.74491339	    -50.42416720	     -7.22405034	     12.98138767
     31.00000000	      4.68000000	     -8.53017683	     -9.80335913	     -2.76628671	      4.76979829	    -51.27714191	     -7.59063896	     13.50800586
     32.00000000	      4.69000000	     -8.46810354	     -9.46862081	     -2.11972850	      5.73646002	    -51.99625496	     -8.16407441	     14.00009795
     33.00000000	      4.70000000	     -8.44797269	     -9.14570711	     -1.98588171	      6.46079179	    -52.59205675	     -8.96145780	     14.45527205
     34.00000000	      4.71000000	     -8.49855469	     -8.83594050	     -2.36270446	      6.72183637	    -53.06422686	     -9.97383360	     14.85205411
     35.00000000	      4.72000000	     -8.65818948	     -8.54733414	     -3.21322981	      6.29695800	    -53.40929605	    -11.22672599	     15.18303176
     36.00000000	      4.73000000	     -8.95523195	     -8.32246771	     -4.40528933	      5.09018691	    -53.64077168	    -12.74557617	     15.43802532
     37.00000000	      4.74000000	     -9.39660762	     -8.19146831	     -5.82772173	      3.23892421	    -53.81897625	    -14.49657111	     15.56279748
     38.00000000	      4.75000000	     -9.96067056	     -8.12958314	     -7.41359554	      1.05387426	    -53.92459656	    -16.51753895	     15.43420233
     39.00000000	      4.76000000	    -10.63851363	     -8.20190230	     -9.04639761	     -1.15469075	    -53.97147334	    -18.86011989	     14.93438189
     40.00000000	      4.77000000	    -11.33697759	     -8.19761082	    -10.88235293	     -3.02431486	    -53.75629010	    -21.64688880	     13.95278327
     41.00000000	      4.78000000	    -12.02856314	     -8.31518425	    -12.75676365	     -4.42021658	    -53.37975205	    -24.81241642	     12.29482932
     42.00000000	      4.79000000	    -12.71753944	     -8.45341220	    -14.63696517	     -5.24731830	    -52.69589099	    -28.32247572	      9.80897216
     43.00000000	      4.80000000	    -13.36594290	     -8.79497288	    -16.29149461	     -5.55669904	    -51.78939978	    -32.01176611	      6.34941375
     44.00000000	      4.81000000	    -13.95701935	     -9.41530978	    -17.54684096	     -5.62080861	    -50.70181433	    -35.68313053	      1.89689932
     45.00000000	      4.82000000	    -14.41506440	    -10.13422012	    -18.60826161	     -5.33805153	    -49.42822595	    -39.15914804	     -3.43359794
     46.00000000	      4.83000000	    -14.78268121	    -11.12283904	    -19.23159622	     -5.03556189	    -48.12687699	    -42.23292778	     -9.35473193
     47.00000000	      4.84000000	    -15.00542093	    -12.29174452	    -19.57581956	     -4.69543601	    -46.80427391	    -44.91830766	    -15.23574054
     48.00000000	      4.85000000	    -15.07251323	    -13.54926152	    -19.74019250	     -4.36599810	    -45.43349365	    -47.33166636	    -20.25561471
     49.00000000	      4.86000000	    -14.98468764	    -14.82025212	    -19.78539137	     -4.07570983	    -43.92478820	    -49.71163869	    -23.57864582
     50.00000000	      4.87000000	    -14.77168495	    -16.07738865	    -19.73121523	     -3.79568934	    -42.22758688	    -52.18752879	    -24.77474909
     51.00000000	      4.88000000	    -14.48083748	    -17.33795394	    -19.57636667	     -3.49008546	    -40.38365113	    -54.68328776	    -23.92356314
     52.00000000	      4.89000000	    -14.14299516	    -18.61093580	    -19.32583700	     -3.11658878	    -38.43499635	    -57.05347559	    -21.54531045
     53.00000000	      4.90000000	    -13.81014309	    -19.90801482	    -18.93815294	     -2.72505266	    -36.43100863	    -59.15911097	    -18.34356292
     54.00000000	      4.91000000	    -13.47913456	    -21.24743662	    -18.36817259	     -2.38369372	    -34.37706961	    -60.95032184	    -14.96027794
     55.00000000	      4.92000000	    -13.15386008	    -22.59336853	    -17.67309519	     -2.08433437	    -32.28404669	    -62.41616250	    -11.85843330
     56.00000000	      4.93000000	    -12.81497349	    -23.91220623	    -16.89944869	     -1.82260312	    -30.15606789	    -63.56668451	     -9.25226291
     57.00000000	      4.94000000	    -12.45428190	    -25.17149690	    -16.11384281	     -1.59153913	    -28.01207542	    -64.40974126	     -7.14661835
     58.00000000	      4.95000000	    -12.06038328	    -26.44542997	    -15.31227439	     -1.33070442	    -25.93200619	    -64.93212735	     -5.42657882
     59.00000000	      4.96000000	    -11.66848551	    -27.54805621	    -14.66237489	     -1.02913553	    -23.83331310	    -65.19400119	     -3.85671271
     60.00000000	      4.97000000	    -11.33281477	    -28.56870048	    -14.07488471	     -0.72404463	    -21.76964920	    -65.19020792	     -2.32575068
     61.00000000	      4.98000000	    -11.04008166	    -29.65208023	    -13.56412147	     -0.36294721	    -19.89312258	    -64.86785407	     -0.78064551
     62.00000000	      4.99000000	    -10.87604414	    -30.74092409	    -13.02828200	     -0.03458747	    -18.12791194	    -64.25850832	      0.73503774
     63.00000000	      5.00000000	    -10.82021475	    -31.88772338	    -12.53108230	      0.30822742	    -16.55187506	    -63.33450187	      2.15537188
     64.00000000	      5.01000000	    -10.89316330	    -33.05297351	    -12.00962204	      0.58164956	    -15.14180623	    -62.07063781	      3.37934571
     65.00000000	      5.02000000	    -11.05511169	    -34.23227737	    -11.56171224	      0.87845150	    -13.93843714	    -60.44729467	      4.37383786
     66.00000000	      5.03000000	    -11.32750540	    -35.36830470	    -11.09855488	      1.15231634	    -12.83210874	    -58.49421991	      5.14074412
     67.00000000	      5.04000000	    -11.65878518	    -36.51200309	    -10.64285569	      1.48274752	    -11.91450540	    -56.17682469	      5.74593721
     68.00000000	      5.05000000	    -12.00382294	    -37.66431533	    -10.21590757	      1.81460560	    -11.23012011	    -53.45070191	      6.22610099
     69.00000000	      5.06000000	    -12.37516512	    -38.77827750	     -9.82674240	      2.18100257	    -10.70911338	    -50.36048207	      6.65162528
     70.00000000	      5.07000000	    -12.77757158	    -39.88008613	     -9.49013545	      2.58014348	    -10.38932496	    -46.90879980	      7.12708253
     71.00000000	      5.08000000	    -13.15314282	    -40.98474487	     -9.15201901	      3.00697245	    -10.27495037	    -43.07929649	      7.67095812
     72.00000000	      5.09000000	    -13.52021622	    -42.09506670	     -8.81900172	      3.43473548	    -10.35978834	    -38.89168662	      8.26798527
     73.00000000	      5.10000000	    -13.90518324	    -43.19514358	     -8.49382269	      3.85726205	    -10.60875858	    -34.40596090	      8.86817079
     74.00000000	      5.11000000	    -14.35982344	    -44.31359074	     -8.11276929	      4.26157337	    -10.97701024	    -29.73885882	      9.42582664
     75.00000000	      5.12000000	    -14.76229762	    -45.37151597	     -7.86485987	      4.74657467	    -11.42831225	    -24.95665413	      9.86575529
     76.00000000	      5.13000000	    -15.17870817	    -46.40784285	     -7.72779708	      5.27183196	    -11.94414990	    -20.23559023	     10.17947249
     77.00000000	      5.14000000	    -15.62120969	    -47.41368516	     -7.72749201	      5.81388920	    -12.46817891	    -15.78171890	     10.39327082
     78.00000000	      5.15000000	    -16.02261072	    -48.32996053	     -7.92403410	      6.39288752	    -12.94736660	    -11.74293641	     10.53007936
     79.00000000	      5.16000000	    -16.36761745	    -49.01193409	     -8.52219062	      7.08084027	    -13.29577782	     -8.29085978	     10.59682898
     80.00000000	      5.17000000	    -16.71063929	    -49.73754986	     -9.17285243	      7.65741068	    -13.70474017	     -5.44364733	     10.64110280
     81.00000000	      5.18000000	    -17.05836379	    -50.41976515	     -9.92110647	      8.19087093	    -14.12694996	     -3.25423292	     10.75300232
     82.00000000	      5.19000000	    -17.32545554	    -50.79100794	    -11.12191222	      8.76312883	    -14.34851538	     -1.89128758	     10.82429899
     83.00000000	      5.20000000	    -17.51620707	    -50.91766948	    -12.70334944	      9.35130565	    -14.49935651	     -1.28645621	     10.99911629
     84.00000000	      5.21000000	    -17.56490251	    -51.14800151	    -14.25327733	      9.76770132	    -14.83891797	     -1.16792703	     10.84806393
     85.00000000	      5.22000000	    -17.45359006	    -51.17869786	    -16.05088721	     10.12610351	    -15.12350542	     -1.62196488	     10.41520788
     86.00000000	      5.23000000	    -17.13915296	    -51.04613764	    -18.01063388	     10.39909114	    -15.29410222	     -2.60614731	      9.56266546
     87.00000000	      5.24000000	    -16.64021837	    -50.94960544	    -20.05950406	     10.44783234	    -15.58986040	     -3.76512848	      8.09313383
     88.00000000	      5.25000000	    -16.03337565	    -50.65613818	    -22.36420373	     10.24718615	    -15.78366063	     -5.11447441	      6.18506982
     89.00000000	      5.26000000	    -15.35214751	    -50.24350317	    -24.86321837	      9.69444598	    -15.99997833	     -6.48942605	      3.98125585
     90.00000000	      5.27000000	    -14.58807707	    -49.63252040	    -27.58396809	      8.66193985	    -16.12815993	     -7.98987151	      1.80851023
     91.00000000	      5.28000000	    -13.86483306	    -48.79544546	    -30.53608002	      7.00136250	    -16.25928714	     -9.64025169	      0.17903348
     92.00000000	      5.29000000	    -13.08323318	    -47.76987086	    -33.59727881	      4.57899882	    -16.31004537	    -11.52557801	     -0.69787976
     93.00000000	      5.30000000	    -12.31849135	    -46.54937341	    -36.70707634	      1.26526181	    -16.33402589	    -13.52147819	     -0.79537554
     94.00000000	      5.31000000	    -11.66415276	    -45.09419449	    -39.80016062	     -2.94698803	    -16.32300500	    -15.54056751	     -0.26259388
     95.00000000	      5.32000000	    -11.07646635	    -43.58792005	    -42.69775712	     -7.93982429	    -16.52623297	    -17.18325974	      0.49421753
     96.00000000	      5.33000000	    -10.61215405	    -42.06485056	    -45.32832055	    -13.35950636	    -16.93004176	    -18.46238557	      1.36675135
     97.00000000	      5.34000000	    -10.29998691	    -40.54822964	    -47.69453118	    -18.60445709	    -17.50569373	    -19.43782303	      2.27738758
     98.00000000	      5.35000000	    -10.13321118	    -39.01545813	    -49.88666448	    -22.94394809	    -18.22094684	    -20.15395475	      3.21371423
     99.00000000	      5.36000000	    -10.10972916	    -37.42125842	    -52.05342354	    -25.71285827	    -19.02938306	    -20.68954287	      4.14928470
    100.00000000	      5.37000000	    -10.20689626	    -35.74938767	    -54.24409786	    -26.66554805	    -19.90991714	    -21.06765961	      5.04852028
    101.00000000	      5.38000000	    -10.40698833	    -34.02397759	    -56.37388396	    -26.02782099	    -20.84337211	    -21.29364047	      5.86397146
    102.00000000	      5.39000000	    -10.66723652	    -32.30281863	    -58.31234204	    -24.28965353	    -21.89909088	    -21.22903435	      6.49195700
    103.00000000	      5.40000000	    -10.98226708	    -30.54293412	    -59.98674096	    -22.08085366	    -22.94149236	    -21.03607952	      6.99234784
    104.00000000	      5.41000000	    -11.32216468	    -28.81518866	    -61.31808240	    -19.82217824	    -24.15662840	    -20.41275027	      7.20072420
    105.00000000	      5.42000000	    -11.70915225	    -27.13075658	    -62.29373248	    -17.83951250	    -25.44600333	    -19.61481259	      7.31296887
    106.00000000	      5.43000000	    -12.10466075	    -25.42468305	    -62.92253763	    -16.19484339	    -26.75967896	    -18.62612613	      7.31995700
    107.00000000	      5.44000000	    -12.53213377	    -23.74652328	    -63.20534476	    -14.80458977	    -28.06014654	    -17.60389724	      7.34086518
    108.00000000	      5.45000000	    -12.97390413	    -22.09275376	    -63.16668482	    -13.53787564	    -29.31728351	    -16.61505851	      7.46120847
    109.00000000	      5.46000000	    -13.44774070	    -20.51896805	    -62.79228933	    -12.27259522	    -30.47022388	    -15.78638401	      7.67979373
    110.00000000	      5.47000000	    -13.87938430	    -19.01528763	    -62.11317929	    -10.92923216	    -31.53945900	    -15.05489117	      7.96671279
    111.00000000	      5.48000000	    -14.25325455	    -17.62509397	    -61.11637067	     -9.50676033	    -32.57001690	    -14.38532602	      8.31716340
    112.00000000	      5.49000000	    -14.59723991	    -16.37217584	    -59.80061203	     -8.06485439	    -33.60897134	    -13.75289311	      8.73094018
    113.00000000	      5.50000000	    -14.82092086	    -15.30325229	    -58.13273483	     -6.68957749	    -34.63808778	    -13.11572561	      9.04388036
    114.00000000	      5.51000000	    -14.95522833	    -14.34540315	    -56.16516497	     -5.47452534	    -35.69035137	    -12.40905486	      9.31883262
    115.00000000	      5.52000000	    -15.00987213	    -13.50983334	    -53.87921686	     -4.52964071	    -36.72375345	    -11.70584515	      9.56683822
    116.00000000	      5.53000000	    -14.94828678	    -12.78292296	    -51.29921615	     -3.88980335	    -37.71795271	    -11.03486973	      9.81370908
    117.00000000	      5.54000000	    -14.79961298	    -12.15066129	    -48.43299867	     -3.53490006	    -38.67138634	    -10.39256935	     10.04905554
    118.00000000	      5.55000000	    -14.57096101	    -11.65962418	    -45.27118304	     -3.34926415	    -39.59138809	     -9.81768262	     10.30056330
    119.00000000	      5.56000000	    -14.23070592	    -11.23275103	    -41.87215938	     -3.19545466	    -40.46225496	     -9.21857790	     10.49847809
    120.00000000	      5.57000000	    -13.90711957	    -11.01241176	    -38.15029681	     -3.14683648	    -41.38578971	     -8.63579749	     10.77613306
    121.00000000	      5.58000000	    -13.48736646	    -10.90933179	    -34.21408132	     -3.04156340	    -42.33048059	     -8.01523555	     11.04185115
    122.00000000	      5.59000000	    -13.00411788	    -10.91218356	    -30.09857855	     -2.88527022	    -43.30374883	     -7.36407800	     11.31736287
    123.00000000	      5.60000000	    -12.46961183	    -10.99179227	    -25.88100388	     -2.67717885	    -44.29942909	     -6.71111278	     11.60511457
    124.00000000	      5.61000000	    -11.89941149	    -11.09357840	    -21.69165637	     -2.40726313	    -45.31410267	     -6.07746619	     11.90451341
    125.00000000	      5.62000000	    -11.31721382	    -11.15007358	    -17.71003407	     -2.04575145	    -46.35304628	     -5.47096812	     12.22073009
    126.00000000	      5.63000000	    -10.75298222	    -11.10783785	    -14.09682469	     -1.55205044	    -47.39468161	     -4.93478326	     12.55641492
    127.00000000	      5.64000000	    -10.25063789	    -10.96837638	    -10.94195791	     -0.92559254	    -48.43085445	     -4.50252162	     12.92683196
    128.00000000	      5.65000000	     -9.83614248	    -10.76134123	     -8.25848317	     -0.20419090	    -49.43916222	     -4.20962186	     13.34022915
    129.00000000	      5.66000000	     -9.50749391	    -10.51784333	     -6.04573260	      0.56431851	    -50.41041390	     -4.05753238	     13.78264970
    130.00000000	      5.67000000	     -9.23172602	    -10.26355268	     -4.30964017	      1.37009633	    -51.30693892	     -4.10823174	     14.26257891
    131.00000000	      5.68000000	     -8.99211351	    -10.01139845	     -3.06118259	      2.19793228	    -52.09780159	     -4.40303223	     14.79669683
    132.00000000	      5.69000000	     -8.73606381	     -9.71514206	     -2.46221942	      3.15390503	    -52.82975821	     -4.84458849	     15.33872360
    133.00000000	      5.70000000	     -8.49389860	     -9.44705702	     -2.35782172	      4.04261677	    -53.43554781	     -5.54122314	     15.89949236
    134.00000000	      5.71000000	     -8.30914903	     -9.21074175	     -2.76732723	      4.73039534	    -53.94480772	     -6.45116328	     16.45107003
    135.00000000	      5.72000000	     -8.23112831	     -9.00583393	     -3.62032690	      4.97684200	    -54.34824061	     -7.57506298	     16.96140501
    136.00000000	      5.73000000	     -8.23052732	     -8.85617078	     -4.71772356	      4.52442334	    -54.54505572	     -9.06165471	     17.39014215
    137.00000000	      5.74000000	     -8.49569146	     -8.82025739	     -6.03112315	      3.41591136	    -54.82749284	    -10.61013872	     17.76792465
    138.00000000	      5.75000000	     -8.85179337	     -8.89416255	     -7.27501276	      1.63950373	    -54.94390810	    -12.53193493	     17.97375356
    139.00000000	      5.76000000	     -9.32255483	     -9.09359829	     -8.46313663	     -0.50334141	    -54.99173631	    -14.75452036	     17.91207687
    140.00000000	      5.77000000	     -9.84647755	     -9.32734430	     -9.68065570	     -2.66108444	    -54.85847780	    -17.39430899	     17.53946414
    141.00000000	      5.78000000	    -10.41710259	     -9.60543821	    -10.97755671	     -4.48814486	    -54.52942146	    -20.46022386	     16.72435286
    142.00000000	      5.79000000	    -11.01047167	     -9.95644584	    -12.34273302	     -5.75357573	    -53.97645322	    -23.92619613	     15.30168951
    143.00000000	      5.80000000	    -11.56175401	    -10.19726211	    -13.85761990	     -6.32205353	    -53.01767263	    -27.78753320	     13.14677861
    144.00000000	      5.81000000	    -12.14686452	    -10.66482832	    -15.10128071	     -6.49679474	    -51.85539463	    -31.78858927	     10.05657800
    145.00000000	      5.82000000	    -12.66094240	    -11.06320503	    -16.43582836	     -6.13235101	    -50.43637645	    -35.77661652	      5.97705700
    146.00000000	      5.83000000	    -13.15591652	    -11.74656829	    -17.32165141	     -5.69219365	    -48.90713851	    -39.57911456	      0.92387843
    147.00000000	      5.84000000	    -13.57095795	    -12.60509652	    -17.94258176	     -5.16665832	    -47.34519495	    -42.97275549	     -4.98057121
    148.00000000	      5.85000000	    -13.89094491	    -13.63867417	    -18.31433590	     -4.61812184	    -45.82115307	    -45.90073454	    -11.30904772
    149.00000000	      5.86000000	    -14.08874204	    -14.76945157	    -18.51599926	     -4.05505826	    -44.31341604	    -48.43679218	    -17.35581989
    150.00000000	      5.87000000	    -14.16192590	    -15.92403583	    -18.61102014	     -3.48333163	    -42.74496199	    -50.79271344	    -22.26369641
    151.00000000	      5.88000000	    -14.12128587	    -17.06794152	    -18.60839694	     -2.91244076	    -41.02682592	    -53.18215707	    -25.34326292
    152.00000000	      5.89000000	    -13.98772797	    -18.21383728	    -18.47982534	     -2.35453021	    -39.13376766	    -55.63478198	    -26.37192498
    153.00000000	      5.90000000	    -13.77208634	    -19.33010357	    -18.24271714	     -1.81392422	    -37.07613535	    -58.04535377	    -25.51968031
    154.00000000	      5.91000000	    -13.50086963	    -20.47665250	    -17.85185541	     -1.32826633	    -34.95117075	    -60.24429125	    -23.32075115
    155.00000000	      5.92000000	    -13.20755340	    -21.69871067	    -17.30089668	     -0.86744280	    -32.82345569	    -62.13445255	    -20.38217891
    156.00000000	      5.93000000	    -12.86782773	    -22.94347855	    -16.63505694	     -0.43621000	    -30.69113543	    -63.68196793	    -17.26017761
    157.00000000	      5.94000000	    -12.51613080	    -24.20492736	    -15.85318609	     -0.06524836	    -28.57519993	    -64.86469200	    -14.39256153
    158.00000000	      5.95000000	    -12.18607404	    -25.41517387	    -14.98816535	      0.21141016	    -26.44832055	    -65.70278780	    -12.00624665
    159.00000000	      5.96000000	    -11.84819083	    -26.71826376	    -14.10726779	      0.48544027	    -24.47567064	    -66.14587258	    -10.16435947
    160.00000000	      5.97000000	    -11.55916521	    -27.91839030	    -13.23125340	      0.69062125	    -22.50270169	    -66.26861641	     -8.77813288
    161.00000000	      5.98000000	    -11.30760241	    -29.04917947	    -12.44378022	      0.90410248	    -20.60572576	    -66.05806678	     -7.68433608
    162.00000000	      5.99000000	    -11.11390426	    -30.10914076	    -11.76440504	      1.13504587	    -18.80127594	    -65.53001540	     -6.68836919
    163.00000000	      6.00000000	    -10.98708052	    -31.11010850	    -11.19044567	      1.38951306	    -17.12377965	    -64.67044980	     -5.63121171
    164.00000000	      6.01000000	    -10.94659470	    -32.08487801	    -10.69875815	      1.66394943	    -15.60103845	    -63.49490746	     -4.43785495
    165.00000000	      6.02000000	    -11.00168192	    -33.04762936	    -10.27294122	      1.96768591	    -14.25595984	    -61.98875503	     -3.13377499
    166.00000000	      6.03000000	    -11.15789458	    -34.00502545	     -9.91008361	      2.27739746	    -13.10040924	    -60.14707521	     -1.78945054
    167.00000000	      6.04000000	    -11.40732295	    -34.97363192	     -9.58268993	      2.60294608	    -12.13687378	    -57.96191004	     -0.50022671
    168.00000000	      6.05000000	    -11.72298209	    -35.95734802	     -9.26952796	      2.92727778	    -11.34886357	    -55.42435345	      0.68024236
    169.00000000	      6.06000000	    -12.08750187	    -36.97515916	     -8.95473070	      3.24452471	    -10.73717276	    -52.52481167	      1.72385478
    170.00000000	      6.07000000	    -12.50159929	    -37.98683474	     -8.67500582	      3.53472152	    -10.27024224	    -49.26261979	      2.60398916
    171.00000000	      6.08000000	    -12.87463011	    -39.05416395	     -8.37299165	      3.90005211	    -10.00491533	    -45.63078850	      3.43429503
    172.00000000	      6.09000000	    -13.26171633	    -40.20064196	     -8.00982295	      4.24564921	     -9.96830006	    -41.61912975	      4.15362891
    173.00000000	      6.10000000	    -13.67781248	    -41.36343529	     -7.63514863	      4.57913499	    -10.14780501	    -37.25072277	      4.81908981
    174.00000000	      6.11000000	    -14.08057701	    -42.54311003	     -7.31479724	      4.95575389	    -10.56578479	    -32.53909212	      5.42415355
    175.00000000	      6.12000000	    -14.51825423	    -43.75564079	     -7.01671076	      5.34212848	    -11.20643497	    -27.57260494	      5.96830085
    176.00000000	      6.13000000	    -14.98223525	    -45.03705187	     -6.72460793	      5.73278460	    -12.02098560	    -22.50550090	      6.44689265
    177.00000000	      6.14000000	    -15.41808454	    -46.38752920	     -6.43172963	      6.12530107	    -12.87373398	    -17.59675812	      6.92295385
    178.00000000	      6.15000000	    -15.83674970	    -47.79947691	     -6.20759362	      6.54922233	    -13.78591350	    -12.94311483	      7.32114375
    179.00000000	      6.16000000	    -16.29084696	    -49.05165210	     -6.29714839	      7.08836170	    -14.65058502	     -8.72737751	      7.68194970
    180.00000000	      6.17000000	    -16.83444365	    -50.12927301	     -6.66963899	      7.62727046	    -15.44631273	     -5.04910801	      7.98237534
    181.00000000	      6.18000000	    -17.73135722	    -50.72396641	     -7.75106804	      8.29165500	    -16.12482126	     -2.08303638	      8.25557673
    182.00000000	      6.19000000	    -19.05170656	    -50.64469403	     -9.72346024	      9.09170834	    -16.55887341	     -0.03778579	      8.53507415
    183.00000000	      6.20000000	    -20.68246727	    -49.94387904	    -12.46860911	      9.97415555	    -16.75431559	      1.01196862	      8.80345942
    184.00000000	      6.21000000	    -19.52195434	    -51.35090117	    -12.79941199	     10.40114451	    -17.16823382	      1.85950033	      9.14406928
    185.00000000	      6.22000000	    -17.81941502	    -52.50337519	    -13.38152567	     10.84964318	    -17.42283446	      2.07182715	      9.23468869
    186.00000000	      6.23000000	    -18.22374141	    -51.59344081	    -16.32117653	     11.54031167	    -17.21201539	      0.89808019	      9.03189142
    187.00000000	      6.24000000	    -18.04234144	    -50.98271225	    -18.89037943	     11.96790796	    -17.07414519	     -0.59866197	      8.38737321
    188.00000000	      6.25000000	    -17.48419878	    -50.64090681	    -21.22739217	     12.05243026	    -17.11776628	     -2.08442770	      7.16151508
    189.00000000	      6.26000000	    -16.73541712	    -50.41083975	    -23.47803878	     11.72901909	    -17.22111002	     -3.55043879	      5.35769601
    190.00000000	      6.27000000	    -15.94730241	    -50.14826472	    -25.84231070	     10.99602132	    -17.43560499	     -4.91695317	      3.11424798
    191.00000000	      6.28000000	    -15.19014546	    -49.66485953	    -28.45120387	      9.76192206	    -17.64987631	     -6.31391107	      0.84023827
    192.00000000	      6.29000000	    -14.45046854	    -48.87538990	    -31.36458203	      7.94928190	    -17.71084653	     -7.94965187	     -1.18965630
    193.00000000	      6.30000000	    -13.75707722	    -47.72404184	    -34.50519988	      5.40905410	    -17.59467267	     -9.94026237	     -2.23719470
    194.00000000	      6.31000000	    -13.10235267	    -46.32994803	    -37.75592083	      2.08036859	    -17.44415209	    -12.05095312	     -2.53393357
    195.00000000	      6.32000000	    -12.49550373	    -44.74549548	    -40.96006781	     -2.06613297	    -17.29524694	    -14.20038280	     -2.03599758
    196.00000000	      6.33000000	    -11.97604334	    -43.03770696	    -44.02173924	     -6.88683949	    -17.23833972	    -16.17712664	     -1.09782648
    197.00000000	      6.34000000	    -11.61431391	    -41.35095560	    -46.81788261	    -12.11760728	    -17.38948080	    -17.90535857	      0.07840065
    198.00000000	      6.35000000	    -11.40094695	    -39.69320047	    -49.33888327	    -17.28957905	    -17.75826848	    -19.34202102	      1.38703481
    199.00000000	      6.36000000	    -11.33235718	    -38.04739664	    -51.65330142	    -21.78547734	    -18.33171056	    -20.46750952	      2.69645701
    200.00000000	      6.37000000	    -11.38655201	    -36.37192435	    -53.83086692	    -25.02992001	    -19.05040569	    -21.28463028	      3.92268826
    201.00000000	      6.38000000	    -11.53743825	    -34.73019911	    -55.91327723	    -26.65963218	    -19.98696232	    -21.73711610	      4.95308555
    202.00000000	      6.39000000	    -11.74536288	    -33.07695893	    -57.81566883	    -26.71912487	    -20.98501236	    -21.90591189	      5.82583127
    203.00000000	      6.40000000	    -11.97507508	    -31.46067303	    -59.45211886	    -25.52640059	    -22.08989640	    -21.74373422	      6.51662890
    204.00000000	      6.41000000	    -12.20104706	    -29.85459122	    -60.81834004	    -23.46904823	    -23.26881020	    -21.26678226	      7.01573768
    205.00000000	      6.42000000	    -12.43927521	    -28.25687822	    -61.86930148	    -21.13234308	    -24.51051128	    -20.51531748	      7.37222021
    206.00000000	      6.43000000	    -12.67120366	    -26.65029714	    -62.63124032	    -18.83332552	    -25.79569204	    -19.57510358	      7.65809672
    207.00000000	      6.44000000	    -12.89299833	    -25.04750950	    -63.08354159	    -16.80945838	    -27.13055579	    -18.41365427	      7.82154691
    208.00000000	      6.45000000	    -13.14029285	    -23.45960855	    -63.23316984	    -15.07979131	    -28.44457339	    -17.22200003	      7.96402716
    209.00000000	      6.46000000	    -13.42476599	    -21.88821399	    -63.08459368	    -13.58178862	    -29.67328354	    -16.11803787	      8.13091261
    210.00000000	      6.47000000	    -13.68904871	    -20.39820496	    -62.62247129	    -12.21297619	    -30.84864570	    -15.06326418	      8.28602596
    211.00000000	      6.48000000	    -13.93821772	    -19.06462979	    -61.79936771	    -10.89255179	    -31.98827893	    -14.09740482	      8.46583426
    212.00000000	      6.49000000	    -14.22284219	    -17.81896120	    -60.66781018	     -9.55811659	    -32.98458008	    -13.36563405	      8.72382240
    213.00000000	      6.50000000	    -14.42835899	    -16.70856742	    -59.22263596	     -8.22381013	    -33.96135803	    -12.65229733	      8.95282232
    214.00000000	      6.51000000	    -14.58043509	    -15.70970345	    -57.49422175	     -6.91437009	    -34.91930139	    -11.97841591	      9.17255329
    215.00000000	      6.52000000	    -14.66477200	    -14.82829640	    -55.49259559	     -5.68947170	    -35.88417607	    -11.31627009	      9.37297102
    216.00000000	      6.53000000	    -14.68213397	    -14.07509539	    -53.22287102	     -4.61032022	    -36.87102930	    -10.66047990	      9.54963215
    217.00000000	      6.54000000	    -14.64131103	    -13.47538316	    -50.66911565	     -3.73848164	    -37.88734827	    -10.01950148	      9.71601989
    218.00000000	      6.55000000	    -14.44822392	    -12.92381672	    -47.89000614	     -3.05582645	    -38.82173580	     -9.40623278	      9.77935823
    219.00000000	      6.56000000	    -14.37030423	    -12.63447449	    -44.74174858	     -2.64078845	    -39.88483080	     -8.80580759	      9.95638944
    220.00000000	      6.57000000	    -14.11609545	    -12.40183010	    -41.35589623	     -2.33271716	    -40.84691467	     -8.27314698	     10.10370159
    221.00000000	      6.58000000	    -13.91769706	    -12.30988211	    -37.64876152	     -2.15183886	    -41.79366081	     -7.79633102	     10.31799291
    222.00000000	      6.59000000	    -13.65757388	    -12.33946776	    -33.71888174	     -1.97598633	    -42.84614895	     -7.14708127	     10.53112227
    223.00000000	      6.60000000	    -13.31461954	    -12.42240945	    -29.60444759	     -1.78224249	    -43.82410061	     -6.56594906	     10.79882527
    224.00000000	      6.61000000	    -12.85957046	    -12.51480206	    -25.40890356	     -1.55784181	    -44.69723600	     -6.12054442	     11.13150668
    225.00000000	      6.62000000	    -12.38737733	    -12.60825979	    -21.29784817	     -1.24511154	    -45.69229934	     -5.51253821	     11.40975349
    226.00000000	      6.63000000	    -11.81237019	    -12.59866083	    -17.42041132	     -0.80688589	    -46.57622766	     -5.12775421	     11.82039457
    227.00000000	      6.64000000	    -11.28520423	    -12.49147370	    -13.93768291	     -0.19432308	    -47.57235895	     -4.64891830	     12.19596425
    228.00000000	      6.65000000	    -10.78067217	    -12.29895434	    -10.84315997	      0.56526322	    -48.53491696	     -4.32388594	     12.67189831
    229.00000000	      6.66000000	    -10.36310689	    -12.07709089	     -8.11476805	      1.38690469	    -49.52660860	     -4.04666762	     13.18150619
    230.00000000	      6.67000000	    -10.02302964	    -11.87644897	     -5.71609135	      2.18114622	    -50.51579356	     -3.87440118	     13.73143929
    231.00000000	      6.68000000	     -9.73051478	    -11.68801187	     -3.70898259	      2.93223626	    -51.45112902	     -3.88243847	     14.32962657
    232.00000000	      6.69000000	     -9.47935102	    -11.50690563	     -2.17998225	      3.67330882	    -52.39046294	     -3.93911578	     14.84359616
    233.00000000	      6.70000000	     -9.24457993	    -11.28388388	     -1.23228039	      4.43906548	    -53.19164650	     -4.27550526	     15.39383231
    234.00000000	      6.71000000	     -9.03651811	    -11.00960402	     -0.93447445	      5.16432052	    -53.89281002	     -4.80492121	     15.92072081
    235.00000000	      6.72000000	     -8.85802860	    -10.59944608	     -1.33081716	      5.71480003	    -54.33559265	     -5.71412929	     16.47629493
    236.00000000	      6.73000000	     -8.90136223	    -10.38194198	     -2.07794347	      5.55431255	    -54.85049961	     -6.68806257	     17.01077666
    237.00000000	      6.74000000	     -9.08166768	    -10.18638951	     -3.17013360	      4.66314665	    -55.16163802	     -8.05552551	     17.56329622
    238.00000000	      6.75000000	     -9.43790073	    -10.06418878	     -4.44032770	      3.04149999	    -55.38492939	     -9.65498448	     18.02284949
    239.00000000	      6.76000000	     -9.89139479	    -10.01301699	     -5.77372346	      0.91859430	    -55.48360799	    -11.56680098	     18.34056266
    240.00000000	      6.77000000	    -10.46065529	    -10.15181699	     -7.02388033	     -1.41600968	    -55.56316711	    -13.74715706	     18.42526837
    241.00000000	      6.78000000	    -11.05806535	    -10.27205499	     -8.44537310	     -3.50286105	    -55.46793209	    -16.33211303	     18.21869783
    242.00000000	      6.79000000	    -11.68078659	    -10.39419568	    -10.09351740	     -5.03440540	    -55.21087906	    -19.31512451	     17.60137657
    243.00000000	      6.80000000	    -12.28812091	    -10.52450072	    -11.94683877	     -5.83814175	    -54.73374841	    -22.70574940	     16.44250478
    244.00000000	      6.81000000	    -12.84853783	    -10.68229558	    -13.84984140	     -5.96386944	    -53.95422569	    -26.45875332	     14.58886672
    245.00000000	      6.82000000	    -13.39182583	    -11.01852097	    -15.51565436	     -5.67389050	    -52.92450905	    -30.42179152	     11.87566198
    246.00000000	      6.83000000	    -13.87621331	    -11.44328636	    -16.92737864	     -5.10695507	    -51.61639781	    -34.44394031	      8.21736770
    247.00000000	      6.84000000	    -14.24068922	    -12.03591651	    -17.99368250	     -4.44432962	    -50.10305628	    -38.32294841	      3.56503640
    248.00000000	      6.85000000	    -14.55858426	    -12.90954174	    -18.59765177	     -3.85015802	    -48.56577405	    -41.86185483	     -1.93763548
    249.00000000	      6.86000000	    -14.77381026	    -13.97694274	    -18.91364258	     -3.30093284	    -47.07281290	    -44.94942733	     -7.91335503
    250.00000000	      6.87000000	    -14.87291129	    -15.16778336	    -19.04655829	     -2.81509958	    -45.64142890	    -47.61497427	    -13.71297424
    251.00000000	      6.88000000	    -14.84314994	    -16.39843653	    -19.10509242	     -2.31813059	    -44.21875710	    -50.04351763	    -18.50855588
    252.00000000	      6.89000000	    -14.71157058	    -17.61544003	    -19.12255128	     -1.83906903	    -42.71295920	    -52.42961321	    -21.66700366
    253.00000000	      6.90000000	    -14.49152527	    -18.78966282	    -19.09946143	     -1.33364562	    -41.04123529	    -54.86544361	    -22.94517744
    254.00000000	      6.91000000	    -14.20069302	    -19.93037607	    -18.99383950	     -0.84058999	    -39.19771940	    -57.28193484	    -22.50617993
    255.00000000	      6.92000000	    -13.86511520	    -21.02245984	    -18.83032167	     -0.35779857	    -37.21008119	    -59.55567175	    -20.82818362
    256.00000000	      6.93000000	    -13.51961320	    -22.16034904	    -18.47258018	      0.07343826	    -35.14407988	    -61.56646767	    -18.48824447
    257.00000000	      6.94000000	    -13.18636982	    -23.36731123	    -17.97117631	      0.46632367	    -33.06017619	    -63.27077109	    -15.99507064
    258.00000000	      6.95000000	    -12.83455173	    -24.58830718	    -17.39989928	      0.84503261	    -30.95800211	    -64.65945603	    -13.72096681
    259.00000000	      6.96000000	    -12.45662089	    -25.78386334	    -16.77681585	      1.20762837	    -28.84668188	    -65.70590008	    -11.88803133
    260.00000000	      6.97000000	    -12.08882444	    -26.85115218	    -16.16370008	      1.53917722	    -26.68853590	    -66.42022411	    -10.53247541
    261.00000000	      6.98000000	    -11.72382313	    -28.00933913	    -15.53061148	      1.85864107	    -24.70787385	    -66.72699447	     -9.54401045
    262.00000000	      6.99000000	    -11.37803768	    -29.14887919	    -14.92145496	      2.17835488	    -22.84654675	    -66.65083011	     -8.73522097
    263.00000000	      7.00000000	    -11.09102722	    -30.24266597	    -14.33033802	      2.46933746	    -21.08218680	    -66.22545697	     -7.90675878
    264.00000000	      7.01000000	    -10.87107241	    -31.33313140	    -13.73823506	      2.74000450	    -19.44433080	    -65.46205856	     -6.91401552
    265.00000000	      7.02000000	    -10.74494153	    -32.44159189	    -13.11915936	      2.98006419	    -17.94807923	    -64.37593490	     -5.69582555
    266.00000000	      7.03000000	    -10.72736885	    -33.57376174	    -12.46358722	      3.18911918	    -16.61507210	    -62.95755867	     -4.31287728
    267.00000000	      7.04000000	    -10.77427807	    -34.69211267	    -11.85619718	      3.41716000	    -15.42290433	    -61.21303841	     -2.83705888
    268.00000000	      7.05000000	    -10.93909085	    -35.82334713	    -11.22065836	      3.58799506	    -14.41041948	    -59.11956958	     -1.40570489
    269.00000000	      7.06000000	    -11.15489311	    -36.93325308	    -10.62676932	      3.80585498	    -13.52363340	    -56.70681471	     -0.07935120
    270.00000000	      7.07000000	    -11.45533922	    -38.03187281	    -10.04146791	      3.99238619	    -12.80111191	    -53.94452684	      1.06683550
    271.00000000	      7.08000000	    -11.79223032	    -39.09160690	     -9.50201005	      4.21728865	    -12.21430821	    -50.83386173	      2.02573788
    272.00000000	      7.09000000	    -12.14736816	    -40.09060720	     -9.02857875	      4.47852515	    -11.77791060	    -47.34877410	      2.84185360
    273.00000000	      7.10000000	    -12.52147950	    -41.05491032	     -8.62311385	      4.80238203	    -11.54682901	    -43.46682507	      3.57418520
    274.00000000	      7.11000000	    -12.91256045	    -41.98986837	     -8.28239664	      5.14060213	    -11.53716330	    -39.19749190	      4.31447550
    275.00000000	      7.12000000	    -13.30901924	    -42.94176388	     -7.97612427	      5.54788115	    -11.76240392	    -34.57496577	      5.01650251
    276.00000000	      7.13000000	    -13.69609285	    -43.91029332	     -7.76700857	      6.00887419	    -12.21927106	    -29.66365425	      5.63219433
    277.00000000	      7.14000000	    -14.11690690	    -44.92199098	     -7.60456797	      6.49615760	    -12.85277894	    -24.60997912	      6.12252862
    278.00000000	      7.15000000	    -14.58748959	    -45.94425502	     -7.50794752	      7.00446204	    -13.55086924	    -19.63633762	      6.50843310
    279.00000000	      7.16000000	    -15.25439608	    -46.98863861	     -7.50700125	      7.49490951	    -14.33984753	    -14.89266137	      6.76750495
    280.00000000	      7.17000000	    -16.24518698	    -47.71121705	     -7.98635485	      8.11267673	    -15.05127265	    -10.62510092	      7.05797758
    281.00000000	      7.18000000	    -17.70546769	    -48.35138781	     -8.71833792	      8.63753145	    -15.86054232	     -6.91478772	      7.32911053
    282.00000000	      7.19000000	    -19.50808742	    -48.41164307	    -10.25149728	      9.35581129	    -16.47053891	     -3.94329931	      7.60748065
    283.00000000	      7.20000000	    -18.85474539	    -49.93657531	    -10.09029289	      9.85915248	    -16.94656453	     -1.32801537	      8.02288603
    284.00000000	      7.21000000	    -17.68737116	    -51.42686587	     -9.93194357	     10.40454889	    -17.31674277	      0.73518539	      8.34006534
    285.00000000	      7.22000000	    -18.45948490	    -51.56842401	    -11.45025349	     11.05633993	    -17.44092533	      1.37143437	      8.71352503
    286.00000000	      7.23000000	    -18.96845295	    -51.65303973	    -12.96647341	     11.61340649	    -17.44150565	      1.25377496	      9.06024650
    287.00000000	      7.24000000	    -19.47699671	    -51.48114725	    -14.76162188	     12.13381159	    -17.36649073	      0.40181080	      9.29291423
    288.00000000	      7.25000000	    -20.26733779	    -50.94165807	    -16.83831546	     12.53990203	    -17.20414560	     -1.05690385	      9.28935031
    289.00000000	      7.26000000	    -21.41087870	    -50.45799072	    -18.59887168	     12.56062431	    -17.19620835	     -2.70075973	      8.83316235
    290.00000000	      7.27000000	    -19.80822956	    -53.14980537	    -16.48823521	     11.35832617	    -17.69392886	     -3.65679572	      7.95104622
    291.00000000	      7.28000000	    -17.69674577	    -57.15605899	    -12.22396272	      8.75378509	    -18.42887102	     -4.38140426	      6.49120910
    292.00000000	      7.29000000	    -17.74187040	    -55.33575264	    -16.93310581	      9.41743632	    -18.55385474	     -5.48289689	      4.39460659
    293.00000000	      7.30000000	    -16.78959893	    -51.18996665	    -25.04753497	     10.68230082	    -18.03944373	     -6.69050894	      2.08906418
    294.00000000	      7.31000000	    -15.98124093	    -49.37631617	    -29.32543639	      9.63032024	    -17.93822789	     -7.95645801	      0.01094649
    295.00000000	      7.32000000	    -16.26133544	    -51.67721124	    -27.68021593	      6.11898708	    -19.00108245	     -9.11231186	     -1.36538612
    296.00000000	      7.33000000	    -15.58850237	    -48.54517438	    -34.00029932	      3.86801089	    -18.89396694	    -10.84817701	     -1.86498265
    297.00000000	      7.34000000	    -15.26027369	    -47.31265838	    -37.07094151	      0.14474034	    -19.17806690	    -12.42595315	     -1.82378348
    298.00000000	      7.35000000	    -14.83637726	    -45.73965924	    -40.25493084	     -4.29532193	    -19.38089459	    -13.94889960	     -1.31417053
    299.00000000	      7.36000000	    -14.38499301	    -43.98529763	    -43.36864744	     -9.30678141	    -19.68822919	    -15.16713826	     -0.61521931
    300.00000000	      7.37000000	    -13.95138268	    -42.20804748	    -46.26473037	    -14.51806718	    -20.14530644	    -16.10611361	      0.19826367
    301.00000000	      7.38000000	    -13.56660710	    -40.49712054	    -48.88771321	    -19.33697130	    -20.76714278	    -16.75331077	      1.03952789
    302.00000000	      7.39000000	    -13.36150460	    -38.52799195	    -51.64187000	    -22.24737304	    -21.55062556	    -17.16131587	      1.87211491
    303.00000000	      7.40000000	    -13.22731671	    -36.84765833	    -53.91639871	    -24.51156358	    -22.38617725	    -17.41933655	      2.66188373
    304.00000000	      7.41000000	    -13.24797674	    -35.10680206	    -56.16460922	    -24.94364135	    -23.24665633	    -17.55697592	      3.41987901
    305.00000000	      7.42000000	    -13.47023504	    -33.33740916	    -58.30003216	    -24.14214660	    -24.27876144	    -17.52665705	      4.09099492
    306.00000000	      7.43000000	    -13.66401531	    -31.58159180	    -60.17707600	    -22.10934603	    -25.26238521	    -17.28850190	      4.58694749
    307.00000000	      7.44000000	    -13.92783275	    -29.91513940	    -61.74008457	    -19.67991546	    -26.36944981	    -16.87491661	      5.01320664
    308.00000000	      7.45000000	    -14.24417990	    -28.27442618	    -62.95309270	    -17.36173726	    -27.56633820	    -16.16761431	      5.27236917
    309.00000000	      7.46000000	    -14.57037060	    -26.64906494	    -63.83923753	    -15.40393479	    -28.77784041	    -15.34945502	      5.48075179
    310.00000000	      7.47000000	    -14.84188774	    -25.05579812	    -64.38396765	    -13.91179268	    -30.00712257	    -14.37197746	      5.61043682
    311.00000000	      7.48000000	    -15.17816703	    -23.49550301	    -64.60767074	    -12.76703442	    -31.17863451	    -13.48821966	      5.80379901
    312.00000000	      7.49000000	    -15.47916239	    -21.98239360	    -64.47625993	    -11.91180057	    -32.25050752	    -12.67073236	      6.01437750
    313.00000000	      7.50000000	    -15.76184726	    -20.67499186	    -64.01925248	    -11.12890051	    -33.45288743	    -11.77985004	      6.14995652
    314.00000000	      7.51000000	    -16.01168946	    -19.41524218	    -63.24322724	    -10.37053296	    -34.54107215	    -11.00647911	      6.33951351
    315.00000000	      7.52000000	    -16.18916673	    -18.24623631	    -62.15872695	     -9.52541176	    -35.62126351	    -10.20323461	      6.50347883
    316.00000000	      7.53000000	    -16.29237911	    -17.15898608	    -60.78622296	     -8.59108522	    -36.71036140	     -9.33267774	      6.63243674
    317.00000000	      7.54000000	    -16.30093314	    -16.15406917	    -59.11478705	     -7.61094613	    -37.77522044	     -8.43973543	      6.74092251
    318.00000000	      7.55000000	    -16.23672383	    -15.27628693	    -57.11634109	     -6.67550621	    -38.82098338	     -7.57672606	      6.85564033
    319.00000000	      7.56000000	    -16.10762478	    -14.54573624	    -54.77148860	     -5.87095181	    -39.82588291	     -6.80624696	      6.99690702
    320.00000000	      7.57000000	    -15.92062099	    -13.96464265	    -52.06581128	     -5.26085229	    -40.77305515	     -6.14760540	      7.17312945
    321.00000000	      7.58000000	    -15.67528753	    -13.54530253	    -48.98043374	     -4.87769803	    -41.65252820	     -5.61600430	      7.38663710
    322.00000000	      7.59000000	    -15.43402830	    -13.28429710	    -45.49128007	     -4.74447764	    -42.47632148	     -5.15881052	      7.62878436
    323.00000000	      7.60000000	    -15.09169532	    -13.22676108	    -41.62008103	     -4.80481661	    -43.23440403	     -4.88834622	      7.99330006
    324.00000000	      7.61000000	    -14.78768983	    -13.39891617	    -37.29010462	     -5.01812209	    -43.98005608	     -4.66362435	      8.36563743
    325.00000000	      7.62000000	    -14.48700331	    -13.84329328	    -32.46858906	     -5.36389220	    -44.72506426	     -4.49370061	      8.77235545
    326.00000000	      7.63000000	    -11.06009970	    -11.29043346	    -33.13987160	     -2.84829691	    -45.66314600	     -3.86710670	      8.89022309
    327.00000000	      7.64000000	    -11.32964569	    -12.41161984	    -27.27431633	     -2.95301931	    -46.37477581	     -3.76463108	      9.33976382
    328.00000000	      7.65000000	    -11.07388934	    -13.11984149	    -22.20037301	     -2.90029975	    -47.25997059	     -3.48358431	      9.76755486
    329.00000000	      7.66000000	    -10.51186567	    -13.37691137	    -17.99714810	     -2.42834596	    -48.14250982	     -3.25120137	     10.26803418
    330.00000000	      7.67000000	     -9.88504629	    -13.39936709	    -14.47336623	     -1.54824390	    -49.07530180	     -3.03904517	     10.77622376
    331.00000000	      7.68000000	     -9.35113463	    -13.32675918	    -11.46408369	     -0.40111697	    -50.04094728	     -2.88818968	     11.30138362
    332.00000000	      7.69000000	     -8.96339607	    -13.24577266	     -8.86927331	      0.82905809	    -51.01232699	     -2.84766366	     11.86253665
    333.00000000	      7.70000000	     -8.70349586	    -13.18181436	     -6.64274088	      1.96587979	    -51.96118334	     -2.92754574	     12.45326692
    334.00000000	      7.71000000	     -8.50895976	    -13.11231427	     -4.83044280	      2.95184584	    -52.82286162	     -3.21608895	     13.09589766
    335.00000000	      7.72000000	     -8.37708110	    -13.03794558	     -3.44723916	      3.75672823	    -53.63383260	     -3.61101414	     13.68810101
    336.00000000	      7.73000000	     -8.21345989	    -12.87552325	     -2.58034121	      4.43776750	    -54.26811124	     -4.24914887	     14.30721480
    337.00000000	      7.74000000	     -8.07808477	    -12.70858035	     -2.22788682	      5.02865642	    -54.83170662	     -5.02909056	     14.86719524
    338.00000000	      7.75000000	     -7.98572530	    -12.55756973	     -2.33550199	      5.44767098	    -55.25679253	     -6.06302100	     15.39858043
    339.00000000	      7.76000000	     -8.01103313	    -12.39880374	     -2.94924384	      5.55918268	    -55.65393823	     -7.15230382	     15.89784180
    340.00000000	      7.77000000	     -8.15629229	    -12.29912082	     -3.87508190	      5.18216106	    -55.93432087	     -8.49714325	     16.35831308
    341.00000000	      7.78000000	     -8.49107114	    -12.34369775	     -4.96273589	      4.22013974	    -56.23052994	     -9.98388385	     16.72903145
    342.00000000	      7.79000000	     -8.88026561	    -12.29080500	     -6.33422064	      2.84289831	    -56.35873110	    -11.74461507	     16.99169810
    343.00000000	      7.80000000	     -9.39877685	    -12.42827829	     -7.60394539	      1.02981144	    -56.48545031	    -13.76110399	     17.07375713
    344.00000000	      7.81000000	     -9.96123022	    -12.61589942	     -8.88946957	     -0.93834174	    -56.47072771	    -16.16716914	     16.92514074
    345.00000000	      7.82000000	    -10.56311482	    -12.86026575	    -10.19827607	     -2.78606172	    -56.25115401	    -19.04694560	     16.42626317
    346.00000000	      7.83000000	    -11.20997631	    -13.14696695	    -11.59496048	     -4.17763927	    -55.77917309	    -22.41247831	     15.40688248
    347.00000000	      7.84000000	    -11.86899542	    -13.42525969	    -13.10286492	     -4.88430441	    -54.99394576	    -26.18440996	     13.70277437
    348.00000000	      7.85000000	    -12.51803059	    -13.68633379	    -14.62970064	     -4.96306841	    -53.95640862	    -30.08256892	     11.29632006
    349.00000000	      7.86000000	    -13.09100418	    -13.92636980	    -15.97061527	     -4.64233615	    -52.81680133	    -33.65148355	      8.46532931
    350.00000000	      7.87000000	    -13.55649810	    -14.18858973	    -16.83980068	     -4.30352981	    -51.87061062	    -36.34116158	      5.90395263
    351.00000000	      7.88000000	    -13.76495062	    -14.27108150	    -17.35276311	     -4.02618870	    -51.29457714	    -37.77000041	      4.41189853
    352.00000000	      7.89000000	    -13.82481717	    -14.33353952	    -17.49068860	     -3.93319658	    -51.20666867	    -38.08324369	      3.98987037
